chr	start	end	BS	BS.norm	boundary	TADid	TAD
II	0	9999	NA	0	0	0	1
II	10000	19999	NA	0	0	0	1
II	20000	29999	NA	0	0	0	1
II	30000	39999	NA	0	0	0	1
II	40000	49999	NA	0	0	0	1
II	50000	59999	NA	0	0	0	1
II	60000	69999	NA	0	0	0	1
II	70000	79999	NA	0	0	0	1
II	80000	89999	NA	0	0	0	1
II	90000	99999	NA	0	0	0	1
II	100000	109999	2.91	-0.835	0	0	1
II	110000	119999	2.815	-0.9298	0	0	1
II	120000	129999	2.874	-0.8709	0	0	1
II	130000	139999	2.963	-0.7825	0	0	1
II	140000	149999	3.001	-0.7438	0	0	1
II	150000	159999	2.983	-0.7616	0	0	1
II	160000	169999	2.912	-0.8334	0	0	1
II	170000	179999	2.82	-0.9252	0	0	1
II	180000	189999	2.782	-0.9629	0	0	1
II	190000	199999	2.874	-0.8711	0	0	1
II	200000	209999	2.965	-0.7798	0	0	1
II	210000	219999	2.999	-0.7463	0	0	1
II	220000	229999	2.971	-0.7744	0	0	1
II	230000	239999	2.964	-0.7807	0	0	1
II	240000	249999	3.155	-0.5897	0	0	1
II	250000	259999	3.072	-0.6733	0	0	1
II	260000	269999	3.019	-0.7264	0	0	1
II	270000	279999	2.956	-0.7891	0	0	1
II	280000	289999	2.902	-0.8427	0	0	1
II	290000	299999	2.988	-0.7567	0	0	1
II	300000	309999	2.975	-0.7696	0	0	1
II	310000	319999	3.288	-0.457	0	0	1
II	320000	329999	3.224	-0.5212	0	0	1
II	330000	339999	3.162	-0.5826	0	0	1
II	340000	349999	3.453	-0.2916	0	0	1
II	350000	359999	3.993	0.2482	0	0	1
II	360000	369999	4.843	1.098	0	0	1
II	370000	379999	5.584	1.839	0	0	1
II	380000	389999	8.088	4.343	0	0	1
II	390000	399999	18.3	6.603	1	0.5	0
II	400000	409999	18.08	6.603	0	1	1
II	410000	419999	9.086	5.341	0	1	1
II	420000	429999	6.27	2.524	0	1	1
II	430000	439999	4.453	0.7081	0	1	1
II	440000	449999	4.01	0.2651	0	1	1
II	450000	459999	3.57	-0.1755	0	1	1
II	460000	469999	3.143	-0.6018	0	1	1
II	470000	479999	2.999	-0.7457	0	1	1
II	480000	489999	2.843	-0.902	0	1	1
II	490000	499999	2.924	-0.8208	0	1	1
II	500000	509999	2.837	-0.9081	0	1	1
II	510000	519999	2.921	-0.8238	0	1	1
II	520000	529999	2.993	-0.7523	0	1	1
II	530000	539999	2.964	-0.7807	0	1	1
II	540000	549999	2.892	-0.8533	0	1	1
II	550000	559999	2.844	-0.9006	0	1	1
II	560000	569999	2.782	-0.9628	0	1	1
II	570000	579999	2.966	-0.7795	0	1	1
II	580000	589999	3.03	-0.7149	0	1	1
II	590000	599999	3.106	-0.6388	0	1	1
II	600000	609999	3.064	-0.6815	0	1	1
II	610000	619999	3.079	-0.6662	0	1	1
II	620000	629999	3.136	-0.6092	0	1	1
II	630000	639999	3.024	-0.7212	0	1	1
II	640000	649999	3.033	-0.7119	0	1	1
II	650000	659999	2.905	-0.8402	0	1	1
II	660000	669999	2.948	-0.7968	0	1	1
II	670000	679999	3.042	-0.7034	0	1	1
II	680000	689999	3.1	-0.6447	0	1	1
II	690000	699999	3.038	-0.7073	0	1	1
II	700000	709999	3.028	-0.7168	0	1	1
II	710000	719999	2.966	-0.7787	0	1	1
II	720000	729999	3.272	-0.4731	0	1	1
II	730000	739999	3.423	-0.3222	0	1	1
II	740000	749999	3.722	-0.02255	0	1	1
II	750000	759999	4.033	0.2884	0	1	1
II	760000	769999	4.657	0.912	0	1	1
II	770000	779999	5.819	2.074	0	1	1
II	780000	789999	8.475	4.73	0	1	1
II	790000	799999	18.09	6.603	1	1.5	0
II	800000	809999	18.07	6.603	0	2	1
II	810000	819999	8.759	5.014	0	2	1
II	820000	829999	5.564	1.819	0	2	1
II	830000	839999	4.409	0.6638	0	2	1
II	840000	849999	3.939	0.1942	0	2	1
II	850000	859999	3.635	-0.1096	0	2	1
II	860000	869999	3.344	-0.4011	0	2	1
II	870000	879999	3.162	-0.5827	0	2	1
II	880000	889999	2.959	-0.786	0	2	1
II	890000	899999	2.876	-0.8694	0	2	1
II	900000	909999	2.906	-0.8389	0	2	1
II	910000	919999	2.882	-0.8635	0	2	1
II	920000	929999	2.805	-0.9401	0	2	1
II	930000	939999	2.856	-0.8887	0	2	1
II	940000	949999	2.767	-0.9776	0	2	1
II	950000	959999	2.908	-0.837	0	2	1
II	960000	969999	2.998	-0.7474	0	2	1
II	970000	979999	2.942	-0.8035	0	2	1
II	980000	989999	2.893	-0.8522	0	2	1
II	990000	999999	2.822	-0.9226	0	2	1
II	1000000	1009999	2.773	-0.9719	0	2	1
II	1010000	1019999	2.714	-1.031	0	2	1
II	1020000	1029999	2.805	-0.94	0	2	1
II	1030000	1039999	3.072	-0.6728	0	2	1
II	1040000	1049999	3.065	-0.6796	0	2	1
II	1050000	1059999	3.133	-0.6124	0	2	1
II	1060000	1069999	2.992	-0.7529	0	2	1
II	1070000	1079999	3.043	-0.7022	0	2	1
II	1080000	1089999	3.108	-0.6366	0	2	1
II	1090000	1099999	3.044	-0.7006	0	2	1
II	1100000	1109999	NA	0	0	2	1
II	1110000	1119999	NA	0	0	2	1
II	1120000	1129999	NA	0	0	2	1
II	1130000	1139999	NA	0	0	2	1
II	1140000	1149999	NA	0	0	2	1
II	1150000	1159999	NA	0	0	2	1
II	1160000	1169999	NA	0	0	2	1
II	1170000	1179999	NA	0	0	2	1
II	1180000	1189999	NA	0	0	2	1
II	1190000	1199999	NA	0	0	2	1
