chr	start	end	BS	BS.norm	boundary	TADid	TAD
II	800250	800499	3.978	-0.2003	0	0	1
II	800500	800749	3.503	-0.6754	0	0	1
II	800750	800999	3.498	-0.6803	0	0	1
II	801000	801249	3.42	-0.7583	0	0	1
II	801250	801499	3.42	-0.7582	0	0	1
II	801500	801749	3.406	-0.7719	0	0	1
II	801750	801999	3.559	-0.6193	0	0	1
II	802000	802249	3.762	-0.4163	0	0	1
II	802250	802499	3.911	-0.2671	0	0	1
II	802500	802749	3.917	-0.2611	0	0	1
II	802750	802999	3.831	-0.3476	0	0	1
II	803000	803249	3.792	-0.3865	0	0	1
II	803250	803499	3.721	-0.4576	0	0	1
II	803500	803749	3.836	-0.3427	0	0	1
II	803750	803999	3.942	-0.2366	0	0	1
II	804000	804249	3.878	-0.3006	0	0	1
II	804250	804499	3.83	-0.3484	0	0	1
II	804500	804749	3.751	-0.4273	0	0	1
II	804750	804999	3.785	-0.393	0	0	1
II	805000	805249	3.827	-0.3518	0	0	1
II	805250	805499	3.935	-0.2431	0	0	1
II	805500	805749	4	-0.178	0	0	1
II	805750	805999	3.758	-0.4199	0	0	1
II	806000	806249	3.766	-0.4125	0	0	1
II	806250	806499	3.75	-0.4285	0	0	1
II	806500	806749	3.808	-0.3703	0	0	1
II	806750	806999	3.892	-0.286	0	0	1
II	807000	807249	3.892	-0.2862	0	0	1
II	807250	807499	3.971	-0.2073	0	0	1
II	807500	807749	3.966	-0.2123	0	0	1
II	807750	807999	4.02	-0.1588	0	0	1
II	808000	808249	4.03	-0.1479	0	0	1
II	808250	808499	3.911	-0.2678	0	0	1
II	808500	808749	3.744	-0.4343	0	0	1
II	808750	808999	3.635	-0.5434	0	0	1
II	809000	809249	3.664	-0.5145	0	0	1
II	809250	809499	3.595	-0.5836	0	0	1
II	809500	809749	3.598	-0.5801	0	0	1
II	809750	809999	3.743	-0.4349	0	0	1
II	810000	810249	3.547	-0.631	0	0	1
II	810250	810499	3.555	-0.6233	0	0	1
II	810500	810749	3.489	-0.6889	0	0	1
II	810750	810999	3.706	-0.4721	0	0	1
II	811000	811249	3.729	-0.4489	0	0	1
II	811250	811499	3.758	-0.4203	0	0	1
II	811500	811749	3.82	-0.3583	0	0	1
II	811750	811999	3.707	-0.4711	0	0	1
II	812000	812249	3.752	-0.4262	0	0	1
II	812250	812499	3.621	-0.5578	0	0	1
II	812500	812749	3.679	-0.4993	0	0	1
II	812750	812999	3.691	-0.4872	0	0	1
II	813000	813249	3.747	-0.4314	0	0	1
II	813250	813499	3.851	-0.327	0	0	1
II	813500	813749	3.782	-0.3963	0	0	1
II	813750	813999	3.72	-0.458	0	0	1
II	814000	814249	3.679	-0.4992	0	0	1
II	814250	814499	3.756	-0.4227	0	0	1
II	814500	814749	3.779	-0.399	0	0	1
II	814750	814999	3.919	-0.2593	0	0	1
II	815000	815249	3.834	-0.3448	0	0	1
II	815250	815499	3.804	-0.3741	0	0	1
II	815500	815749	3.836	-0.3425	0	0	1
II	815750	815999	3.855	-0.3237	0	0	1
II	816000	816249	3.895	-0.2838	0	0	1
II	816250	816499	3.966	-0.2124	0	0	1
II	816500	816749	4.065	-0.1138	0	0	1
II	816750	816999	3.983	-0.1952	0	0	1
II	817000	817249	3.826	-0.3523	0	0	1
II	817250	817499	3.684	-0.4945	0	0	1
II	817500	817749	3.708	-0.4708	0	0	1
II	817750	817999	3.836	-0.3421	0	0	1
II	818000	818249	3.934	-0.2441	0	0	1
II	818250	818499	3.879	-0.2995	0	0	1
II	818500	818749	3.896	-0.2828	0	0	1
II	818750	818999	3.765	-0.4131	0	0	1
II	819000	819249	3.666	-0.5124	0	0	1
II	819250	819499	3.566	-0.6128	0	0	1
II	819500	819749	3.73	-0.448	0	0	1
II	819750	819999	3.77	-0.4081	0	0	1
II	820000	820249	3.844	-0.334	0	0	1
II	820250	820499	3.7	-0.4782	0	0	1
II	820500	820749	3.692	-0.4859	0	0	1
II	820750	820999	3.694	-0.4847	0	0	1
II	821000	821249	3.834	-0.3448	0	0	1
II	821250	821499	3.898	-0.28	0	0	1
II	821500	821749	3.9	-0.2781	0	0	1
II	821750	821999	3.881	-0.2976	0	0	1
II	822000	822249	3.83	-0.3484	0	0	1
II	822250	822499	3.652	-0.526	0	0	1
II	822500	822749	3.608	-0.5708	0	0	1
II	822750	822999	3.624	-0.5544	0	0	1
II	823000	823249	3.659	-0.5194	0	0	1
II	823250	823499	3.711	-0.4672	0	0	1
II	823500	823749	3.76	-0.4188	0	0	1
II	823750	823999	3.765	-0.4129	0	0	1
II	824000	824249	3.787	-0.3913	0	0	1
II	824250	824499	3.84	-0.3388	0	0	1
II	824500	824749	3.765	-0.4138	0	0	1
II	824750	824999	3.79	-0.3884	0	0	1
II	825000	825249	3.756	-0.4224	0	0	1
II	825250	825499	3.71	-0.4688	0	0	1
II	825500	825749	3.724	-0.4544	0	0	1
II	825750	825999	3.667	-0.5109	0	0	1
II	826000	826249	3.698	-0.4807	0	0	1
II	826250	826499	3.763	-0.4151	0	0	1
II	826500	826749	3.697	-0.4809	0	0	1
II	826750	826999	3.769	-0.4094	0	0	1
II	827000	827249	3.751	-0.4276	0	0	1
II	827250	827499	3.611	-0.5671	0	0	1
II	827500	827749	3.628	-0.5502	0	0	1
II	827750	827999	3.609	-0.5693	0	0	1
II	828000	828249	3.717	-0.4616	0	0	1
II	828250	828499	3.817	-0.3615	0	0	1
II	828500	828749	3.715	-0.4633	0	0	1
II	828750	828999	3.727	-0.4514	0	0	1
II	829000	829249	3.736	-0.4422	0	0	1
II	829250	829499	3.84	-0.3387	0	0	1
II	829500	829749	3.928	-0.2501	0	0	1
II	829750	829999	3.921	-0.257	0	0	1
II	830000	830249	4.017	-0.1611	0	0	1
II	830250	830499	4.149	-0.02961	0	0	1
II	830500	830749	4.131	-0.04698	0	0	1
II	830750	830999	4.073	-0.1049	0	0	1
II	831000	831249	4.123	-0.05555	0	0	1
II	831250	831499	4.006	-0.1724	0	0	1
II	831500	831749	3.901	-0.2772	0	0	1
II	831750	831999	4.048	-0.1307	0	0	1
II	832000	832249	4.109	-0.0691	0	0	1
II	832250	832499	4.149	-0.02906	0	0	1
II	832500	832749	4.259	0.08046	0	0	1
II	832750	832999	4.287	0.1092	0	0	1
II	833000	833249	4.698	0.52	0	0	1
II	833250	833499	5.069	0.8912	0	0	1
II	833500	833749	5.506	1.328	0	0	1
II	833750	833999	6.348	2.17	0	0	1
II	834000	834249	7.099	2.921	0	0	1
II	834250	834499	9.165	4.987	0	0	1
II	834500	834749	12.65	8.47	0	0	1
II	834750	834999	24.87	20.7	1	0.5	0
II	835000	835249	12.97	8.788	0	1	1
II	835250	835499	8.889	4.71	0	1	1
II	835500	835749	7.354	3.176	0	1	1
II	835750	835999	6.422	2.244	0	1	1
II	836000	836249	5.615	1.436	0	1	1
II	836250	836499	4.957	0.7786	0	1	1
II	836500	836749	4.491	0.3124	0	1	1
II	836750	836999	4.09	-0.08823	0	1	1
II	837000	837249	3.802	-0.3762	0	1	1
II	837250	837499	3.74	-0.4386	0	1	1
II	837500	837749	3.721	-0.4569	0	1	1
II	837750	837999	3.702	-0.4766	0	1	1
II	838000	838249	3.643	-0.5355	0	1	1
II	838250	838499	3.727	-0.4511	0	1	1
II	838500	838749	3.857	-0.3209	0	1	1
II	838750	838999	3.847	-0.3311	0	1	1
II	839000	839249	3.792	-0.386	0	1	1
II	839250	839499	3.772	-0.4066	0	1	1
II	839500	839749	3.731	-0.4477	0	1	1
II	839750	839999	3.731	-0.4471	0	1	1
II	840000	840249	3.736	-0.4423	0	1	1
II	840250	840499	3.829	-0.3493	0	1	1
II	840500	840749	3.751	-0.4273	0	1	1
II	840750	840999	3.709	-0.4695	0	1	1
II	841000	841249	3.757	-0.4214	0	1	1
II	841250	841499	3.803	-0.3749	0	1	1
II	841500	841749	3.919	-0.2595	0	1	1
II	841750	841999	3.833	-0.3454	0	1	1
II	842000	842249	3.8	-0.3782	0	1	1
II	842250	842499	3.878	-0.3003	0	1	1
II	842500	842749	3.851	-0.3269	0	1	1
II	842750	842999	3.95	-0.2282	0	1	1
II	843000	843249	3.971	-0.2069	0	1	1
II	843250	843499	3.873	-0.3049	0	1	1
II	843500	843749	3.782	-0.3962	0	1	1
II	843750	843999	3.876	-0.3019	0	1	1
II	844000	844249	3.822	-0.3567	0	1	1
II	844250	844499	3.843	-0.3356	0	1	1
II	844500	844749	3.824	-0.3545	0	1	1
II	844750	844999	3.795	-0.3834	0	1	1
II	845000	845249	3.806	-0.3727	0	1	1
II	845250	845499	3.834	-0.3442	0	1	1
II	845500	845749	3.842	-0.3365	0	1	1
II	845750	845999	3.987	-0.1911	0	1	1
II	846000	846249	3.779	-0.399	0	1	1
II	846250	846499	3.863	-0.3149	0	1	1
II	846500	846749	3.88	-0.2987	0	1	1
II	846750	846999	3.741	-0.4369	0	1	1
II	847000	847249	3.684	-0.4946	0	1	1
II	847250	847499	3.711	-0.4678	0	1	1
II	847500	847749	3.817	-0.361	0	1	1
II	847750	847999	3.857	-0.3213	0	1	1
II	848000	848249	3.891	-0.2874	0	1	1
II	848250	848499	3.718	-0.4602	0	1	1
II	848500	848749	3.807	-0.3717	0	1	1
II	848750	848999	3.728	-0.4501	0	1	1
II	849000	849249	3.617	-0.5617	0	1	1
II	849250	849499	3.612	-0.5659	0	1	1
II	849500	849749	3.743	-0.4356	0	1	1
II	849750	849999	3.847	-0.3312	0	1	1
II	850000	850249	3.842	-0.3366	0	1	1
II	850250	850499	3.703	-0.4754	0	1	1
II	850500	850749	3.841	-0.3377	0	1	1
II	850750	850999	3.795	-0.3836	0	1	1
II	851000	851249	3.841	-0.3375	0	1	1
II	851250	851499	3.869	-0.3094	0	1	1
II	851500	851749	3.731	-0.4472	0	1	1
II	851750	851999	3.914	-0.2646	0	1	1
II	852000	852249	3.845	-0.333	0	1	1
II	852250	852499	3.81	-0.3685	0	1	1
II	852500	852749	3.943	-0.2356	0	1	1
II	852750	852999	3.844	-0.3346	0	1	1
II	853000	853249	3.827	-0.3514	0	1	1
II	853250	853499	3.955	-0.223	0	1	1
II	853500	853749	3.876	-0.3028	0	1	1
II	853750	853999	3.793	-0.3851	0	1	1
II	854000	854249	3.861	-0.3174	0	1	1
II	854250	854499	3.908	-0.2707	0	1	1
II	854500	854749	3.928	-0.2505	0	1	1
II	854750	854999	3.947	-0.231	0	1	1
II	855000	855249	4.034	-0.1447	0	1	1
II	855250	855499	3.918	-0.2607	0	1	1
II	855500	855749	3.802	-0.3762	0	1	1
II	855750	855999	3.854	-0.3241	0	1	1
II	856000	856249	3.928	-0.2506	0	1	1
II	856250	856499	4.075	-0.1038	0	1	1
II	856500	856749	3.932	-0.2459	0	1	1
II	856750	856999	3.836	-0.3428	0	1	1
II	857000	857249	3.872	-0.3068	0	1	1
II	857250	857499	3.809	-0.3695	0	1	1
II	857500	857749	3.783	-0.3955	0	1	1
II	857750	857999	3.839	-0.3389	0	1	1
II	858000	858249	3.829	-0.3497	0	1	1
II	858250	858499	3.689	-0.4895	0	1	1
II	858500	858749	3.752	-0.4259	0	1	1
II	858750	858999	3.736	-0.4423	0	1	1
II	859000	859249	3.694	-0.4848	0	1	1
II	859250	859499	3.674	-0.5039	0	1	1
II	859500	859749	3.669	-0.5091	0	1	1
II	859750	859999	3.732	-0.4465	0	1	1
II	860000	860249	3.883	-0.2957	0	1	1
II	860250	860499	3.735	-0.4429	0	1	1
II	860500	860749	3.811	-0.3669	0	1	1
II	860750	860999	3.758	-0.4206	0	1	1
II	861000	861249	3.778	-0.4002	0	1	1
II	861250	861499	3.988	-0.1902	0	1	1
II	861500	861749	3.899	-0.2791	0	1	1
II	861750	861999	3.957	-0.2213	0	1	1
II	862000	862249	3.838	-0.3408	0	1	1
II	862250	862499	3.848	-0.3301	0	1	1
II	862500	862749	3.84	-0.3384	0	1	1
II	862750	862999	3.895	-0.2837	0	1	1
II	863000	863249	3.861	-0.3174	0	1	1
II	863250	863499	3.835	-0.3435	0	1	1
II	863500	863749	3.868	-0.3102	0	1	1
II	863750	863999	3.757	-0.4216	0	1	1
II	864000	864249	3.755	-0.4233	0	1	1
II	864250	864499	3.808	-0.3699	0	1	1
II	864500	864749	3.813	-0.3651	0	1	1
II	864750	864999	3.822	-0.3561	0	1	1
II	865000	865249	3.982	-0.1963	0	1	1
II	865250	865499	3.962	-0.2168	0	1	1
II	865500	865749	3.884	-0.2944	0	1	1
II	865750	865999	3.852	-0.3259	0	1	1
II	866000	866249	3.823	-0.355	0	1	1
II	866250	866499	3.728	-0.4505	0	1	1
II	866500	866749	3.815	-0.3629	0	1	1
II	866750	866999	3.749	-0.4291	0	1	1
II	867000	867249	3.638	-0.5398	0	1	1
II	867250	867499	3.607	-0.5713	0	1	1
II	867500	867749	3.745	-0.4338	0	1	1
II	867750	867999	3.809	-0.3692	0	1	1
II	868000	868249	3.855	-0.3232	0	1	1
II	868250	868499	3.697	-0.4817	0	1	1
II	868500	868749	3.633	-0.5458	0	1	1
II	868750	868999	3.569	-0.6093	0	1	1
II	869000	869249	3.743	-0.4358	0	1	1
II	869250	869499	3.745	-0.4329	0	1	1
II	869500	869749	3.807	-0.3716	0	1	1
II	869750	869999	3.812	-0.3662	0	1	1
II	870000	870249	3.808	-0.3706	0	1	1
II	870250	870499	3.846	-0.3319	0	1	1
II	870500	870749	3.928	-0.2502	0	1	1
II	870750	870999	3.836	-0.3422	0	1	1
II	871000	871249	3.885	-0.2934	0	1	1
II	871250	871499	3.844	-0.3346	0	1	1
II	871500	871749	3.779	-0.3991	0	1	1
II	871750	871999	3.772	-0.4059	0	1	1
II	872000	872249	3.869	-0.3093	0	1	1
II	872250	872499	3.94	-0.2379	0	1	1
II	872500	872749	4.143	-0.03505	0	1	1
II	872750	872999	4.435	0.2569	0	1	1
II	873000	873249	4.717	0.5391	0	1	1
II	873250	873499	5.306	1.127	0	1	1
II	873500	873749	6.069	1.89	0	1	1
II	873750	873999	6.616	2.438	0	1	1
II	874000	874249	7.443	3.265	0	1	1
II	874250	874499	9.012	4.833	0	1	1
II	874500	874749	13.42	9.246	0	1	1
II	874750	874999	26.53	22.35	1	1.5	0
II	875000	875249	14.29	10.11	0	2	1
II	875250	875499	9.567	5.388	0	2	1
II	875500	875749	7.707	3.529	0	2	1
II	875750	875999	6.136	1.957	0	2	1
II	876000	876249	5.472	1.294	0	2	1
II	876250	876499	4.917	0.7383	0	2	1
II	876500	876749	4.683	0.5051	0	2	1
II	876750	876999	4.536	0.3582	0	2	1
II	877000	877249	4.185	0.006755	0	2	1
II	877250	877499	4.131	-0.04692	0	2	1
II	877500	877749	3.867	-0.3116	0	2	1
II	877750	877999	3.886	-0.2926	0	2	1
II	878000	878249	3.925	-0.2537	0	2	1
II	878250	878499	3.852	-0.3266	0	2	1
II	878500	878749	3.879	-0.2991	0	2	1
II	878750	878999	3.897	-0.2815	0	2	1
II	879000	879249	4.018	-0.1599	0	2	1
II	879250	879499	3.704	-0.4742	0	2	1
II	879500	879749	3.704	-0.4745	0	2	1
II	879750	879999	3.782	-0.3966	0	2	1
II	880000	880249	3.814	-0.364	0	2	1
II	880250	880499	3.9	-0.2785	0	2	1
II	880500	880749	3.847	-0.3314	0	2	1
II	880750	880999	3.892	-0.2861	0	2	1
II	881000	881249	4.074	-0.1046	0	2	1
II	881250	881499	3.929	-0.2492	0	2	1
II	881500	881749	3.973	-0.2049	0	2	1
II	881750	881999	4.182	0.003377	1	2.5	0
II	882000	882249	4.123	-0.05553	0	3	1
II	882250	882499	4.029	-0.1489	0	3	1
II	882500	882749	3.9	-0.2785	0	3	1
II	882750	882999	3.811	-0.3676	0	3	1
II	883000	883249	3.749	-0.4293	0	3	1
II	883250	883499	3.727	-0.4514	0	3	1
II	883500	883749	3.758	-0.4201	0	3	1
II	883750	883999	3.76	-0.4179	0	3	1
II	884000	884249	3.731	-0.4469	0	3	1
II	884250	884499	3.72	-0.4584	0	3	1
II	884500	884749	3.845	-0.3338	0	3	1
II	884750	884999	3.873	-0.3056	0	3	1
II	885000	885249	3.857	-0.3211	0	3	1
II	885250	885499	3.855	-0.3233	0	3	1
II	885500	885749	3.919	-0.2596	0	3	1
II	885750	885999	3.957	-0.2212	0	3	1
II	886000	886249	3.745	-0.4337	0	3	1
II	886250	886499	3.681	-0.4972	0	3	1
II	886500	886749	3.818	-0.3607	0	3	1
II	886750	886999	3.865	-0.3129	0	3	1
II	887000	887249	3.885	-0.2937	0	3	1
II	887250	887499	3.778	-0.4004	0	3	1
II	887500	887749	3.748	-0.43	0	3	1
II	887750	887999	3.779	-0.3998	0	3	1
II	888000	888249	3.712	-0.4666	0	3	1
II	888250	888499	3.747	-0.4311	0	3	1
II	888500	888749	3.728	-0.4506	0	3	1
II	888750	888999	3.696	-0.4819	0	3	1
II	889000	889249	3.753	-0.425	0	3	1
II	889250	889499	3.619	-0.5592	0	3	1
II	889500	889749	3.631	-0.5478	0	3	1
II	889750	889999	3.75	-0.4283	0	3	1
II	890000	890249	3.734	-0.4448	0	3	1
II	890250	890499	3.736	-0.4422	0	3	1
II	890500	890749	3.8	-0.3784	0	3	1
II	890750	890999	3.883	-0.2953	0	3	1
II	891000	891249	3.889	-0.2893	0	3	1
II	891250	891499	3.872	-0.3062	0	3	1
II	891500	891749	3.825	-0.3536	0	3	1
II	891750	891999	3.803	-0.3751	0	3	1
II	892000	892249	3.776	-0.4022	0	3	1
II	892250	892499	3.762	-0.4165	0	3	1
II	892500	892749	3.873	-0.3049	0	3	1
II	892750	892999	3.843	-0.3358	0	3	1
II	893000	893249	3.9	-0.2786	0	3	1
II	893250	893499	3.869	-0.309	0	3	1
II	893500	893749	3.822	-0.3564	0	3	1
II	893750	893999	3.958	-0.2201	0	3	1
II	894000	894249	3.936	-0.2428	0	3	1
II	894250	894499	4.051	-0.1278	0	3	1
II	894500	894749	3.958	-0.2201	0	3	1
II	894750	894999	3.915	-0.2631	0	3	1
II	895000	895249	3.753	-0.4256	0	3	1
II	895250	895499	3.884	-0.2944	0	3	1
II	895500	895749	3.794	-0.3842	0	3	1
II	895750	895999	3.809	-0.3695	0	3	1
II	896000	896249	3.753	-0.4257	0	3	1
II	896250	896499	3.745	-0.433	0	3	1
II	896500	896749	3.698	-0.4808	0	3	1
II	896750	896999	3.667	-0.511	0	3	1
II	897000	897249	3.763	-0.415	0	3	1
II	897250	897499	3.789	-0.3892	0	3	1
II	897500	897749	3.93	-0.2485	0	3	1
II	897750	897999	3.778	-0.4004	0	3	1
II	898000	898249	3.925	-0.2536	0	3	1
II	898250	898499	4.094	-0.08432	0	3	1
II	898500	898749	3.909	-0.2697	0	3	1
II	898750	898999	3.964	-0.2146	0	3	1
II	899000	899249	3.8	-0.3783	0	3	1
II	899250	899499	3.794	-0.3844	0	3	1
II	899500	899749	3.85	-0.3281	0	3	1
II	899750	899999	3.941	-0.237	0	3	1
II	900000	900249	3.855	-0.3237	0	3	1
II	900250	900499	3.931	-0.2477	0	3	1
II	900500	900749	3.912	-0.266	0	3	1
II	900750	900999	3.987	-0.1911	0	3	1
II	901000	901249	4.025	-0.1535	0	3	1
II	901250	901499	3.998	-0.1808	0	3	1
II	901500	901749	3.864	-0.314	0	3	1
II	901750	901999	3.843	-0.3349	0	3	1
II	902000	902249	3.956	-0.2221	0	3	1
II	902250	902499	3.903	-0.2749	0	3	1
II	902500	902749	3.898	-0.2807	0	3	1
II	902750	902999	3.848	-0.3306	0	3	1
II	903000	903249	3.875	-0.303	0	3	1
II	903250	903499	3.881	-0.2977	0	3	1
II	903500	903749	3.872	-0.3064	0	3	1
II	903750	903999	4.066	-0.1127	0	3	1
II	904000	904249	3.983	-0.1957	0	3	1
II	904250	904499	3.914	-0.2646	0	3	1
II	904500	904749	3.7	-0.478	0	3	1
II	904750	904999	3.558	-0.6205	0	3	1
II	905000	905249	3.587	-0.5911	0	3	1
II	905250	905499	3.58	-0.5982	0	3	1
II	905500	905749	3.606	-0.5724	0	3	1
II	905750	905999	3.58	-0.5984	0	3	1
II	906000	906249	3.66	-0.5188	0	3	1
II	906250	906499	3.712	-0.4667	0	3	1
II	906500	906749	3.678	-0.5008	0	3	1
II	906750	906999	3.647	-0.5315	0	3	1
II	907000	907249	3.685	-0.4934	0	3	1
II	907250	907499	3.796	-0.3823	0	3	1
II	907500	907749	3.711	-0.4677	0	3	1
II	907750	907999	3.692	-0.4861	0	3	1
II	908000	908249	3.742	-0.4362	0	3	1
II	908250	908499	3.737	-0.4411	0	3	1
II	908500	908749	3.725	-0.4538	0	3	1
II	908750	908999	3.697	-0.4816	0	3	1
II	909000	909249	3.786	-0.392	0	3	1
II	909250	909499	3.843	-0.3356	0	3	1
II	909500	909749	3.792	-0.3858	0	3	1
II	909750	909999	3.813	-0.3658	0	3	1
II	910000	910249	3.898	-0.2806	0	3	1
II	910250	910499	3.993	-0.1857	0	3	1
II	910500	910749	3.789	-0.3892	0	3	1
II	910750	910999	3.82	-0.358	0	3	1
II	911000	911249	3.998	-0.1805	0	3	1
II	911250	911499	4.143	-0.03573	0	3	1
II	911500	911749	4.52	0.3412	0	3	1
II	911750	911999	4.718	0.5397	0	3	1
II	912000	912249	5.2	1.022	0	3	1
II	912250	912499	5.486	1.307	0	3	1
II	912500	912749	5.991	1.813	0	3	1
II	912750	912999	7.618	3.439	0	3	1
II	913000	913249	9.761	5.583	0	3	1
II	913250	913499	13.27	9.095	0	3	1
II	913500	913749	25.89	21.71	1	3.5	0
II	913750	913999	12.43	8.248	0	4	1
II	914000	914249	9.251	5.073	0	4	1
II	914250	914499	7.079	2.901	0	4	1
II	914500	914749	6.175	1.996	0	4	1
II	914750	914999	5.452	1.273	0	4	1
II	915000	915249	4.788	0.6093	0	4	1
II	915250	915499	4.491	0.3129	0	4	1
II	915500	915749	4.335	0.1569	0	4	1
II	915750	915999	3.942	-0.2364	0	4	1
II	916000	916249	3.87	-0.3086	0	4	1
II	916250	916499	3.871	-0.3071	0	4	1
II	916500	916749	3.929	-0.2498	0	4	1
II	916750	916999	3.871	-0.3072	0	4	1
II	917000	917249	3.823	-0.355	0	4	1
II	917250	917499	3.85	-0.3285	0	4	1
II	917500	917749	3.806	-0.3722	0	4	1
II	917750	917999	3.695	-0.4834	0	4	1
II	918000	918249	3.693	-0.4851	0	4	1
II	918250	918499	3.658	-0.5208	0	4	1
II	918500	918749	3.756	-0.4228	0	4	1
II	918750	918999	3.671	-0.507	0	4	1
II	919000	919249	3.64	-0.5388	0	4	1
II	919250	919499	3.723	-0.4552	0	4	1
II	919500	919749	3.791	-0.387	0	4	1
II	919750	919999	3.788	-0.3908	0	4	1
II	920000	920249	3.731	-0.447	0	4	1
II	920250	920499	3.758	-0.4207	0	4	1
II	920500	920749	3.84	-0.3382	0	4	1
II	920750	920999	3.785	-0.3935	0	4	1
II	921000	921249	3.685	-0.4931	0	4	1
II	921250	921499	3.69	-0.4881	0	4	1
II	921500	921749	3.746	-0.4321	0	4	1
II	921750	921999	3.715	-0.4636	0	4	1
II	922000	922249	3.648	-0.5299	0	4	1
II	922250	922499	3.713	-0.465	0	4	1
II	922500	922749	3.609	-0.5692	0	4	1
II	922750	922999	3.565	-0.6133	0	4	1
II	923000	923249	3.627	-0.5512	0	4	1
II	923250	923499	3.646	-0.532	0	4	1
II	923500	923749	3.619	-0.5594	0	4	1
II	923750	923999	3.651	-0.5273	0	4	1
II	924000	924249	3.726	-0.4519	0	4	1
II	924250	924499	3.624	-0.5543	0	4	1
II	924500	924749	3.875	-0.3028	0	4	1
II	924750	924999	3.738	-0.44	0	4	1
II	925000	925249	3.858	-0.3205	0	4	1
II	925250	925499	3.85	-0.3283	0	4	1
II	925500	925749	3.978	-0.2004	0	4	1
II	925750	925999	3.947	-0.2317	0	4	1
II	926000	926249	3.835	-0.3435	0	4	1
II	926250	926499	3.726	-0.4525	0	4	1
II	926500	926749	3.824	-0.3544	0	4	1
II	926750	926999	3.852	-0.3267	0	4	1
II	927000	927249	3.86	-0.3182	0	4	1
II	927250	927499	3.854	-0.324	0	4	1
II	927500	927749	3.749	-0.4291	0	4	1
II	927750	927999	3.779	-0.3996	0	4	1
II	928000	928249	3.834	-0.344	0	4	1
II	928250	928499	3.834	-0.3448	0	4	1
II	928500	928749	4.048	-0.1306	0	4	1
II	928750	928999	3.984	-0.1942	0	4	1
II	929000	929249	3.992	-0.186	0	4	1
II	929250	929499	3.888	-0.2905	0	4	1
II	929500	929749	3.935	-0.2431	0	4	1
II	929750	929999	3.838	-0.3401	0	4	1
II	930000	930249	3.715	-0.4634	0	4	1
II	930250	930499	3.795	-0.3837	0	4	1
II	930500	930749	3.887	-0.291	0	4	1
II	930750	930999	3.836	-0.3426	0	4	1
II	931000	931249	3.884	-0.2942	0	4	1
II	931250	931499	3.949	-0.2298	0	4	1
II	931500	931749	3.83	-0.3482	0	4	1
II	931750	931999	3.961	-0.2178	0	4	1
II	932000	932249	3.978	-0.2007	0	4	1
II	932250	932499	3.864	-0.3141	0	4	1
II	932500	932749	3.75	-0.4286	0	4	1
II	932750	932999	3.808	-0.3707	0	4	1
II	933000	933249	3.823	-0.3556	0	4	1
II	933250	933499	3.79	-0.388	0	4	1
II	933500	933749	3.818	-0.3603	0	4	1
II	933750	933999	3.932	-0.2464	0	4	1
II	934000	934249	3.896	-0.2823	0	4	1
II	934250	934499	3.777	-0.4012	0	4	1
II	934500	934749	3.893	-0.2857	0	4	1
II	934750	934999	3.901	-0.2776	0	4	1
II	935000	935249	3.915	-0.2633	0	4	1
II	935250	935499	3.827	-0.3514	0	4	1
II	935500	935749	3.945	-0.2335	0	4	1
II	935750	935999	3.882	-0.2967	0	4	1
II	936000	936249	3.738	-0.4402	0	4	1
II	936250	936499	3.771	-0.4078	0	4	1
II	936500	936749	3.821	-0.3572	0	4	1
II	936750	936999	3.771	-0.4078	0	4	1
II	937000	937249	3.856	-0.3223	0	4	1
II	937250	937499	3.817	-0.3615	0	4	1
II	937500	937749	3.915	-0.2632	0	4	1
II	937750	937999	4.089	-0.08966	0	4	1
II	938000	938249	3.996	-0.1823	0	4	1
II	938250	938499	3.837	-0.3415	0	4	1
II	938500	938749	3.943	-0.2352	0	4	1
II	938750	938999	3.956	-0.2224	0	4	1
II	939000	939249	3.813	-0.3658	0	4	1
II	939250	939499	3.75	-0.4285	0	4	1
II	939500	939749	3.803	-0.3756	0	4	1
II	939750	939999	3.859	-0.3195	0	4	1
II	940000	940249	3.863	-0.3151	0	4	1
II	940250	940499	3.872	-0.3059	0	4	1
II	940500	940749	3.837	-0.3412	0	4	1
II	940750	940999	3.918	-0.2603	0	4	1
II	941000	941249	3.84	-0.3386	0	4	1
II	941250	941499	3.813	-0.3656	0	4	1
II	941500	941749	3.815	-0.3636	0	4	1
II	941750	941999	3.918	-0.2602	0	4	1
II	942000	942249	4.032	-0.1463	0	4	1
II	942250	942499	3.941	-0.237	0	4	1
II	942500	942749	4.067	-0.1118	0	4	1
II	942750	942999	4.061	-0.1174	0	4	1
II	943000	943249	3.978	-0.2002	0	4	1
II	943250	943499	3.966	-0.2123	0	4	1
II	943500	943749	3.79	-0.3887	0	4	1
II	943750	943999	3.873	-0.3049	0	4	1
II	944000	944249	3.807	-0.3711	0	4	1
II	944250	944499	3.7	-0.4787	0	4	1
II	944500	944749	3.83	-0.3479	0	4	1
II	944750	944999	3.818	-0.3601	0	4	1
II	945000	945249	3.88	-0.2979	0	4	1
II	945250	945499	3.908	-0.2707	0	4	1
II	945500	945749	3.983	-0.1958	0	4	1
II	945750	945999	3.908	-0.2701	0	4	1
II	946000	946249	3.888	-0.2899	0	4	1
II	946250	946499	3.87	-0.308	0	4	1
II	946500	946749	3.702	-0.4763	0	4	1
II	946750	946999	3.83	-0.3479	0	4	1
II	947000	947249	3.619	-0.5597	0	4	1
II	947250	947499	3.537	-0.6415	0	4	1
II	947500	947749	3.571	-0.6076	0	4	1
II	947750	947999	3.641	-0.5375	0	4	1
II	948000	948249	3.797	-0.3815	0	4	1
II	948250	948499	3.822	-0.3563	0	4	1
II	948500	948749	3.743	-0.4349	0	4	1
II	948750	948999	3.67	-0.508	0	4	1
II	949000	949249	3.601	-0.5776	0	4	1
II	949250	949499	4.036	-0.1427	0	4	1
II	949500	949749	2.644	-1.535	0	4	1
II	949750	949999	NA	NA	0	4	1
